7442999999999999999999999999999999999999999999999999999999999999
8684399999999999999999999999999999999999999999999999999999999999
7476859999999999999999999999999999999999999999999999999999999999
5558862999999999999999999999999999999999999999999999999999999999
9647811499999999999999999999999999999999999999999999999999999999
9973386459999999999999999999999999999999999999999999999999999999
9992462441999999999999999999999999999999999999999999999999999999
9999818758499999999999999999999999999999999999999999999999999999
9999974631789999999999999999999999999999999999999999999999999999
9999998145688999999999999999999999999999999999999999999999999999
9999999372648799999999999999999999999999999999999999999999999999
9999999974473869999999999999999999999999999999999999999999999999
9999999991355254999999999999999999999999999999999999999999999999
9999999999563524299999999999999999999999999999999999999999999999
9999999999916743479999999999999999999999999999999999999999999999
9999999999997621671999999999999999999999999999999999999999999999
9999999999999745424599999999999999999999999999999999999999999999
9999999999999978878439999999999999999999999999999999999999999999
9999999999999997825335999999999999999999999999999999999999999999
9999999999999999158166199999999999999999999999999999999999999999
9999999999999999933288839999999999999999999999999999999999999999
9999999999999999997743215999999999999999999999999999999999999999
9999999999999999999645662299999999999999999999999999999999999999
9999999999999999999942851579999999999999999999999999999999999999
9999999999999999999994375543999999999999999999999999999999999999
9999999999999999999999675311899999999999999999999999999999999999
9999999999999999999999912878379999999999999999999999999999999999
9999999999999999999999996545858999999999999999999999999999999999
9999999999999999999999999132725799999999999999999999999999999999
9999999999999999999999999915512129999999999999999999999999999999
9999999999999999999999999995486587999999999999999999999999999999
9999999999999999999999999999318113199999999999999999999999999999
9999999999999999999999999999932775169999999999999999999999999999
9999999999999999999999999999992175137999999999999999999999999999
9999999999999999999999999999999314553699999999999999999999999999
9999999999999999999999999999999936286659999999999999999999999999
9999999999999999999999999999999992816168999999999999999999999999
9999999999999999999999999999999999783717599999999999999999999999
9999999999999999999999999999999999985155789999999999999999999999
9999999999999999999999999999999999995634265999999999999999999999
9999999999999999999999999999999999999577757499999999999999999999
9999999999999999999999999999999999999957461689999999999999999999
9999999999999999999999999999999999999996871185999999999999999999
9999999999999999999999999999999999999999784372799999999999999999
9999999999999999999999999999999999999999953187669999999999999999
9999999999999999999999999999999999999999998747333999999999999999
9999999999999999999999999999999999999999999268617799999999999999
9999999999999999999999999999999999999999999923181319999999999999
9999999999999999999999999999999999999999999993861546999999999999
9999999999999999999999999999999999999999999999741632799999999999
9999999999999999999999999999999999999999999999928425369999999999
9999999999999999999999999999999999999999999999996167461999999999
9999999999999999999999999999999999999999999999999863383699999999
9999999999999999999999999999999999999999999999999912217119999999
9999999999999999999999999999999999999999999999999993557524999999
9999999999999999999999999999999999999999999999999999162414499999
9999999999999999999999999999999999999999999999999999978876139999
9999999999999999999999999999999999999999999999999999994447738999
9999999999999999999999999999999999999999999999999999999762365899
9999999999999999999999999999999999999999999999999999999916237349
9999999999999999999999999999999999999999999999999999999994536636
9999999999999999999999999999999999999999999999999999999999765713
9999999999999999999999999999999999999999999999999999999999917685
9999999999999999999999999999999999999999999999999999999999994865
